559 420
563 464
572 507
581 550
594 591
619 626
656 654
696 678
741 686
786 681
830 663
869 637
896 602
912 559
922 513
931 468
937 422
593 379
620 363
654 362
687 371
718 385
774 384
806 372
839 366
872 370
900 385
747 418
747 442
747 467
748 492
715 519
729 525
745 529
760 525
774 521
634 418
657 406
684 408
705 428
680 431
654 430
792 428
815 409
840 409
862 422
843 432
817 433
678 578
704 562
727 553
742 558
758 554
783 564
807 580
782 595
759 603
741 604
725 601
703 592
690 579
727 576
741 577
758 577
795 582
758 577
742 578
726 576
